"league_id","team_id","pos","pld","w","d","l","pf","pa","diff","tf","ta","td","pts","division"
"200597","55761","1","2","2","0","0","86","24","62","14","4","10","10","East"
"200597","55771","2","1","1","0","0","48","24","24","8","4","4","5","East"
"200597","55764","3","3","1","0","2","58","98","-40","10","16","-6","5","East"
"200597","55783","4","2","0","0","2","21","67","-46","3","11","-8","1","East"
"200597","55760","1","2","2","0","0","62","15","47","9","3","6","9","Central East"
"200597","55800","2","2","1","1","0","52","33","19","8","5","3","7","Central East"
"200597","55793","3","2","0","1","1","24","66","-42","4","10","-6","2","Central East"
"200597","55759","4","2","0","0","2","24","48","-24","4","7","-3","1","Central East"
"200597","55775","1","2","2","0","0","71","15","56","11","3","8","9","Central West"
"200597","55778","2","2","1","0","1","54","27","27","10","5","5","7","Central West"
"200597","55762","3","2","1","0","1","42","41","1","8","7","1","6","Central West"
"200597","55770","4","2","0","0","2","0","84","-84","0","14","-14","0","Central West"
"200597","55780","1","2","2","0","0","27","24","3","5","4","1","9","West"
"200597","55766","2","2","1","0","1","74","27","47","12","5","7","6","West"
"200597","55815","3","2","1","0","1","37","19","18","7","3","4","6","West"
"200597","55777","4","2","0","0","2","19","87","-68","3","15","-12","0","West"
"200596","55762","1","2","2","0","0","59","29","30","11","5","6","10","West"
"200596","55778","2","2","1","0","1","41","42","-1","7","8","-1","5","West"
"200596","55780","3","2","1","0","1","36","39","-3","6","7","-1","5","West"
"200596","55792","4","2","0","0","2","22","48","-26","4","8","-4","0","West"
"200596","55761","1","2","2","0","0","84","15","69","14","3","11","10","East"
"200596","55800","2","2","2","0","0","73","32","41","11","6","5","10","East"
"200596","55764","3","2","0","0","2","32","89","-57","6","15","-9","2","East"
"200596","55783","4","2","0","0","2","15","68","-53","3","10","-7","0","East"
"200596","55759","1","3","2","0","1","87","49","38","15","9","6","12","Central East"
"200596","55785","2","2","2","0","0","58","43","15","10","7","3","10","Central East"
"200596","55767","3","2","1","0","1","48","31","17","8","5","3","5","Central East"
"200596","55793","4","3","0","0","3","22","92","-70","4","16","-12","0","Central East"
"200596","55775","1","2","2","0","0","81","17","64","7","1","6","9","Central West"
"200596","55766","2","2","2","0","0","54","7","47","10","1","9","9","Central West"
"200596","55815","3","2","0","0","2","5","47","-42","1","9","-8","0","Central West"
"200596","55770","4","2","0","0","2","19","88","-69","1","8","-7","0","Central West"
"200599","55778","1","2","2","0","0","38","25","13","5","4","1","9","Central West"
"200599","55770","2","2","1","0","1","47","43","4","7","7","0","6","Central West"
"200599","55762","3","2","1","0","1","43","47","-4","7","7","0","5","Central West"
"200599","55775","4","1","0","0","1","10","11","-1","1","1","0","1","Central West"
"200599","55780","5","1","0","0","1","15","27","-12","3","4","-1","0","Central West"
"200599","55771","1","2","2","0","0","91","51","40","13","10","3","10","East"
"200599","55783","2","3","2","0","1","94","71","23","14","11","3","10","East"
"200599","55761","3","2","1","0","1","60","67","-7","12","9","3","6","East"
"200599","55764","4","3","0","0","3","47","103","-56","7","16","-9","2","East"
"200599","55766","1","3","2","0","1","77","72","5","12","11","1","10","West"
"200599","55815","2","2","1","0","1","70","37","33","12","7","5","5","West"
"200599","83934","3","2","1","0","1","36","70","-34","5","11","-6","5","West"
"200599","55777","4","1","0","0","1","24","28","-4","4","4","0","2","West"
"200599","55793","1","3","3","0","0","94","29","65","16","5","11","14","Central East"
"200599","55760","2","2","1","0","1","52","31","21","8","5","3","5","Central East"
"200599","55759","3","3","1","0","2","45","88","-43","7","14","-7","4","Central East"
"200599","55767","4","2","0","0","2","12","55","-43","2","9","-7","0","Central East"
"200598","55775","1","3","3","0","0","126","22","104","22","4","18","15","Central West"
"200598","55777","2","3","2","0","1","57","82","-25","9","14","-5","10","Central West"
"200598","55762","3","3","1","0","2","78","97","-19","14","17","-3","5","Central West"
"200598","55792","4","3","0","0","3","46","106","-60","8","18","-10","2","Central West"
"200598","55783","1","2","2","0","0","86","12","74","16","2","14","10","East"
"200598","55761","2","2","2","0","0","54","30","24","10","6","4","10","East"
"200598","55764","3","3","1","0","2","41","86","-45","7","16","-9","5","East"
"200598","55800","4","3","0","0","3","37","90","-53","7","16","-9","2","East"
"200598","55793","1","3","3","0","0","178","25","153","32","5","27","15","Central East"
"200598","55759","2","3","2","0","1","69","34","35","13","6","7","10","Central East"
"200598","82336","3","3","1","0","2","35","91","-56","23","17","6","5","Central East"
"200598","55807","4","3","0","0","3","0","132","-132","0","40","-40","0","Central East"
"200598","55815","1","3","3","0","0","65","40","25","11","8","3","13","West"
"200598","55766","2","3","1","0","2","90","53","37","16","9","7","7","West"
"200598","55786","3","2","1","0","1","56","58","-2","10","10","0","6","West"
"200598","55780","4","2","0","0","2","5","65","-60","1","11","-10","0","West"
"205678","55785","1","2","2","0","0","134","17","117","24","3","21","10","East TRU"
"205678","55758","2","2","2","0","0","101","15","86","17","3","14","10","East TRU"
"205678","55767","3","2","1","0","1","32","115","-83","6","21","-15","5","East TRU"
"205678","55764","4","2","1","0","1","59","54","5","9","10","-1","5","East TRU"
"205678","55807","5","2","1","0","1","56","31","25","8","5","3","5","East TRU"
"205678","55793","6","2","1","0","1","75","58","17","13","10","3","5","East TRU"
"205678","55758","7","2","0","0","2","27","107","-80","5","17","-12","1","East TRU"
"205678","55772","8","2","0","0","2","0","87","-87","0","13","-13","0","East TRU"
"205678","55761","1","1","1","0","0","50","7","43","8","1","7","5","East"
"205678","55795","2","1","1","0","0","34","7","27","6","1","5","5","East"
"205678","55796","3","0","0","0","0","0","0","0","0","0","0","0","East"
"205678","55771","4","0","0","0","0","0","0","0","0","0","0","0","East"
"205678","55784","5","1","0","0","1","7","34","-27","1","6","-5","0","East"
"205678","55783","6","1","0","0","1","7","50","-43","1","8","-7","0","East"
"205678","55786","1","4","4","0","0","89","15","74","15","3","12","18","West"
"205678","55803","2","4","3","0","1","50","17","33","8","3","5","13","West"
"205678","55801","3","4","1","1","2","22","36","-14","4","6","-2","7","West"
"205678","55815","4","4","1","0","3","27","53","-26","5","10","-5","4","West"
"205678","83934","5","4","0","1","3","7","74","-67","2","12","-10","2","West"
"205678","55780","6","0","0","0","0","0","0","0","0","0","0","0","West"
"205678","55787","1","2","2","0","0","46","29","17","8","5","3","9","Central West"
"205678","55788","2","2","1","0","1","44","26","18","8","4","4","6","Central West"
"205678","55790","3","0","0","0","0","0","0","0","0","0","0","0","Central West"
"205678","55807","4","2","0","0","2","29","64","-35","5","12","-7","0","Central West"
"200595","55796","1","6","6","0","0","376","59","317","62","9","53","30","OWL Championship East"
"200595","55800","2","6","5","0","1","209","108","101","35","18","17","26","OWL Championship East"
"200595","55783","3","6","2","0","4","218","197","21","31","34","-3","13","OWL Championship East"
"200595","55764","4","6","2","0","4","61","196","-135","11","32","-21","10","OWL Championship East"
"200595","55815","1","6","2","0","4","184","179","5","30","31","-1","16","OWL Championship West"
"200595","55786","2","6","3","0","3","149","180","-31","27","32","-5","15","OWL Championship West"
"200595","55813","3","6","2","0","4","148","257","-109","26","41","-15","12","OWL Championship West"
"200595","55770","4","6","2","0","4","116","285","-169","20","45","-25","11","OWL Championship West"
"204608","55796","1","3","3","0","0","96","27","69","18","5","13","15","OWL Champioship II East"
"204608","55800","2","4","2","0","2","119","104","15","21","18","3","11","OWL Champioship II East"
"204608","55764","3","2","1","0","1","27","41","-14","5","7","-2","4","OWL Champioship II East"
"204608","55783","4","2","0","0","2","33","87","-54","5","17","-12","1","OWL Champioship II East"
"204608","55815","1","4","2","0","2","121","91","30","21","17","4","13","OWL Championship II West"
"204608","55786","2","3","1","1","1","64","65","-1","12","11","1","8","OWL Championship II West"
"204608","55770","3","4","1","1","2","57","102","-45","11","18","-7","7","OWL Championship II West"
"202267","55767","1","4","3","1","0","172","41","131","30","7","23","17","TRU Championship East"
"202267","55764","2","4","1","1","2","74","36","38","12","5","7","10","TRU Championship East"
"202267","55810","3","2","1","1","0","20","0","20","4","0","4","7","TRU Championship East"
"202267","55763","4","3","1","1","1","19","37","-18","3","7","-4","6","TRU Championship East"
"202267","55812","5","3","0","0","3","8","179","-171","1","31","-30","0","TRU Championship East"
"202267","55765","1","3","3","0","0","173","5","168","22","1","21","14","TRU Championship West"
"202267","55806","2","5","2","0","3","90","171","-81","16","24","-8","12","TRU Championship West"
"202267","55788","3","4","2","0","2","70","150","-80","11","19","-8","10","TRU Championship West"
"202267","55792","4","4","2","0","2","106","70","36","11","10","1","9","TRU Championship West"
"202267","55808","5","4","1","0","3","24","67","-43","3","9","-6","4","TRU Championship West"
"202257","55785","1","5","5","0","0","284","40","244","45","7","38","25","TRU Premier East"
"202257","55763","2","6","5","0","1","244","204","40","41","32","9","25","TRU Premier East"
"202257","55767","3","5","3","0","2","187","116","71","28","19","9","17","TRU Premier East"
"202257","55764","4","5","2","0","3","150","165","-15","25","25","0","13","TRU Premier East"
"202257","55812","5","6","1","0","5","116","319","-203","17","49","-32","6","TRU Premier East"
"202257","55772","6","5","0","0","5","101","238","-137","17","41","-24","4","TRU Premier East"
"202257","55814","1","5","4","0","1","217","100","117","39","17","22","21","TRU Premier West"
"202257","55760","2","5","3","0","2","151","140","11","26","26","0","17","TRU Premier West"
"202257","55765","3","4","3","0","1","224","77","147","34","13","21","15","TRU Premier West"
"202257","55806","4","5","1","0","4","148","203","-55","24","33","-9","11","TRU Premier West"
"202257","55788","5","4","2","0","2","86","114","-28","15","20","-5","10","TRU Premier West"
"202257","55808","6","5","1","0","4","77","269","-192","13","42","-29","5","TRU Premier West"
